423
306
16
117
274
352
326
499
496
250
219
93
269
449
71
252
187
183
335
206
131
172
96
114
19
45
302
178
274
198
128
330
239
361
298
475
110
7
417
204
364
376
345
344
463
5
202
331
138
483
177
344
178
36
236
154
155
432
308
86
332
379
304
288
338
134
410
246
322
198
25
330
164
174
150
45
387
35
345
241
349
175
358
83
175
209
482
295
96
401
313
456
146
359
115
335
51
157
218
488
293
499
45
194
108
159
166
107
428
247
385
275
185
258
121
16
256
412
429
92
405
219
171
388
238
48
443
65
193
221
37
495
188
385
227
239
326
122
105
403
354
14
11
445
423
235
100
183
307
188
330
169
366
72
69
328
395
13
451
205
344
211
288
287
161
11
399
332
323
311
195
235
465
176
108
93
175
105
237
226
322
213
473
162
302
396
99
496
71
197
380
160
180
164
82
4
339
397
220
450
391
25
63
451
330
49
183
463
222
137
230
391
39
341
464
416
284
13
57
430
23
157
299
292
237
382
184
482
137
95
405
476
144
427
486
414
46
417
191
411
26
459
371
186
165
327
292
338
176
364
274
2
266
242
191
74
200
328
88
186
237
178
207
377
411
417
436
214
290
223
438
234
419
288
394
248
274
96
488
187
9
191
297
32
128
414
306
138
338
304
7
392
153
286
130
23
268
34
68
63
206
140
188
268
411
190
332
113
269
229
272
162
355
325
214
343
159
144
75
456
462
281
380
468
125
48
168
188
426
444
18
338
96
451
68
170
234
17
163
274
389
13
129
46
25
487
272
33
243
365
419
470
230
361
403
377
356
465
420
88
246
251
105
328
438
334
476
154
276
177
38
313
17
80
497
255
164
261
321
458
457
140
9
333
403
358
341
206
472
294
15
487
107
357
471
294
269
360
300
33
434
151
295
320
430
63
481
90
142
415
141
41
160
308
260
204
69
20
159
496
73
24
3
405
477
471
27
14
166
177
199
60
114
172
195
309
247
93
356
111
359
104
116
229
115
429
13
108
479
395
462
297
67
437
306
308
468
223
144
410
305
67
66
285
254
125
65
132
111
446
238
394
380
403
291
383
112
191
242
190
385
419
369
366
342
230
213
191
248
331
299
140
307
444
11
106
438
334
208
182
